13.14
41.24
21.53
62.97
9.75
35.48
4.74
92.69
72.46
54.2
18.43
15.02
70.42
80.35
99.96
48.02
35.54
26.06
90.29
94.67
5.26
49.43
65.26
14.26
47.34
10.42
3.68
24.9
14.89
74.82
72.21
17.34
81.49
49.82
95.02
13.45
87.94
32.28
57.49
46.79
89.14
92.79
35.31
95.68
48.9
78.23
62.8
36.04
79.44
24.04
99.87
92.01
81.23
11.65
86.17
50.28
60.77
44.51
77.51
34.66
61.62
63.4
45.2
21.17
35.67
28.55
3.73
37.0
86.97
72.63
41.56
44.04
10.52
53.67
28.69
52.21
87.36
93.56
66.54
22.92
78.45
39.76
71.84
36.71
6.24
74.41
43.5
89.09
46.34
74.09
8.09
35.52
55.88
47.09
10.21
92.21
65.98
98.1
80.93
53.71
77.18
58.69
97.06
30.8
53.03
62.4
40.69
40.84
21.16
77.12
61.7
99.91
89.81
99.18
76.3
45.68
39.94
39.35
32.37
89.99
78.3
8.16
88.79
93.01
55.18
9.48
10.76
47.22
98.93
89.57
43.92
17.35
29.43
1.17
52.3
87.96
30.82
90.8
66.73
39.8
76.17
90.45
33.64
68.26
64.62
58.48
16.29
5.49
90.01
98.31
64.65
26.8
7.06
49.33
62.93
62.06
65.92
90.68
4.31
76.91
77.84
65.99
57.22
67.55
45.74
96.4
28.51
2.23
64.4
91.53
83.47
61.98
76.36
38.67
74.68
7.54
20.73
11.64
53.16
99.65
81.59
55.72
11.82
8.52
34.62
77.71
25.3
90.56
71.96
24.26
62.51
27.14
66.3
33.12
46.97
58.76
48.49
88.66
90.67
12.68
55.64
28.02
65.35
84.79
52.16
13.6
39.12
71.06
93.25
45.97
25.79
29.4
52.46
61.46
30.21
69.1
20.09
13.46
50.76
96.9
66.87
91.11
33.96
50.32
3.58
35.88
51.17
92.5
28.14
76.33
23.24
50.19
52.67
39.25
16.81
93.29
61.57
95.93
18.86
68.79
35.13
73.22
5.13
26.35
26.32
55.6
59.37
54.04
29.65
94.03
77.89
77.31
2.31
45.95
82.48
80.82
6.57
85.13
82.6
48.12
20.98
94.23
15.11
15.73
62.39
75.73
56.66
2.63
34.1
53.33
25.82
91.72
90.55
76.05
97.07
28.08
30.84
15.74
89.16
63.68
34.62
77.5
52.15
41.61
61.6
77.64
54.46
75.0
61.48
5.51
15.86
59.52
71.48
81.46
53.88
71.65
80.83
60.72
54.9
37.1
16.29
37.08
26.57
29.84
18.62
23.56
9.16
10.79
1.95
95.33
25.6
29.45
10.61
61.76
62.87
27.07
44.06
1.98
35.75
65.09
29.33
49.33
9.81
11.16
99.59
59.66
6.2
49.54
43.03
61.55
36.72
74.28
18.49
5.38
43.18
51.07
60.53
79.69
35.68
35.07
69.65
18.48
90.63
58.33
55.39
69.29
2.4
53.62
74.75
19.42
21.47
62.0
33.73
47.42
64.58
24.66
31.42
4.92
76.99
65.04
87.91
31.79
15.57
90.19
4.26
50.54
10.85
51.94
38.53
17.78
58.31
98.29
84.41
74.06
16.98
53.8
57.08
90.47
31.55
96.03
65.5
73.33
3.04
65.18
61.37
92.77
45.6
83.15
9.48
90.51
63.29
21.31
73.54
97.99
15.44
60.9
94.25
94.47
99.67
27.81
52.31
66.68
86.27
65.43
49.85
72.35
95.49
79.24
3.82
45.38
40.33
5.42
51.62
46.61
29.34
4.07
27.53
61.68
85.81
9.04
60.44
10.45
62.88
79.87
10.74
7.11
91.22
59.86
74.77
69.13
90.52
14.58
65.3
48.22
23.79
91.71
99.62
80.14
16.38
35.52
52.64
65.44
27.81
25.03
4.44
53.51
25.13
73.12
26.81
65.72
31.23
65.24
42.17
89.43
42.71
79.15
16.47
68.52
58.31
20.04
40.4
99.65
98.66
34.09
63.43
64.88
2.5
89.71
17.73
7.25
11.59
27.12
38.75
80.41
22.97
44.21
92.88
21.91
4.39
93.83
1.31
66.18
77.44
84.3
72.71
85.53
37.76
14.68
32.83
84.33
51.36
95.35
84.26
93.79
94.97
78.5
20.43
98.75
71.76
36.79
88.71
30.97
53.08
60.99
10.39
29.72
52.89
95.46
93.43
46.12
8.38
23.0
40.25
94.25
81.63
4.33
43.63
60.62
48.98
75.1
3.89
28.42
19.95
43.52
8.53
6.56
97.11
16.96
93.74
65.32
46.26
16.16
74.5
84.85
89.8
86.93
94.21
86.56
75.63
83.41
91.65
44.88
1.26
8.06
83.74
76.85
84.85
66.68
69.81
29.94
33.84
60.89
34.89
45.4
8.7
4.48
74.23
14.18
1.41
88.74
19.03
37.92
43.68
64.84
30.79
15.58
7.68
95.92
7.11
64.37
44.45
3.82
6.25
34.27
17.46
51.53
91.29
50.87
38.9
91.09
47.89
48.07
52.56
72.03
26.47
43.55
5.04
47.05
68.44
91.89
73.53
51.05
88.38
17.31
13.58
44.85
3.11
58.14
3.66
55.76
18.37
74.42
3.63
37.39
87.17
70.99
99.54
27.81
65.2
40.86
21.21
64.74
45.68
8.86
71.92
17.32
99.34
81.08
90.73
94.26
79.19
79.92
27.97
13.58
63.42
62.81
57.56
58.06
92.87
55.15
39.72
47.75
10.34
14.78
83.37
11.51
25.12
54.45
2.63
55.22
40.97
25.4
39.65
62.4
31.88
57.52
19.28
94.18
67.56
47.21
3.98
30.01
44.87
45.5
89.7
48.92
6.57
65.79
48.75
45.76
47.69
44.16
44.64
26.89
83.24
28.72
14.74
87.31
46.16
30.12
31.38
13.52
4.59
54.79
56.91
78.74
80.05
59.94
35.36
1.88
13.01
97.71
23.08
30.15
83.84
63.12
96.68
52.27
78.49
22.02
66.95
75.68
50.33
35.18
5.21
47.02
41.0
16.97
17.76
36.7
40.35
2.31
38.89
17.42
15.61
74.61
70.62
7.93
22.85
45.61
81.2
28.53
76.87
47.15
24.23
66.61
68.81
22.96
8.8
75.06
87.63
45.08
2.59
71.18
16.64
62.88
89.88
26.48
9.83
44.89
85.09
34.81
22.01
52.43
16.5
30.8
3.22
75.82
40.45
27.99
44.03
81.68
5.35
13.32
14.96
71.52
54.91
66.27
15.95
74.17
51.88
91.28
46.82
69.65
15.9
46.29
18.12
14.25
43.19
14.0
92.27
42.07
34.25
37.48
49.28
8.39
31.78
41.84
58.75
51.36
43.56
12.2
91.17
58.41
82.7
21.21
50.83
73.9
51.09
59.43
69.21
49.96
60.2
80.88
88.46
51.66
19.89
1.74
59.19
37.21
17.92
33.64
55.86
41.69
59.63
84.23
25.75
45.64
71.4
23.74
66.72
35.84
53.74
31.92
63.79
18.9
98.1
37.48
5.28
56.13
19.52
45.29
15.17
11.19
58.21
55.36
54.71
48.89
66.16
1.45
6.49
80.86
29.65
30.9
52.84
14.36
65.06
75.43
92.76
68.15
99.29
66.95
32.24
34.02
73.03
30.33
18.94
13.67
5.29
21.05
82.99
54.84
80.43
34.76
82.24
69.88
5.01
49.1
20.2
9.24
75.68
79.74
56.2
72.46
95.45
65.59
60.89
80.06
89.33
37.84
35.86
2.84
16.5
33.11
96.92
37.95
82.7
99.0
77.73
44.44
3.51
37.01
74.1
80.52
86.85
60.78
68.63
70.98
38.25
90.91
97.52
51.84
76.33
35.84
63.1
51.22
97.0
66.72
79.72
18.22
15.47
79.26
69.06
31.35
50.43
71.02
34.38
63.48
77.61
90.71
47.21
28.04
71.4
35.47
64.4
20.84
8.53
91.75
95.85
41.14
72.92
85.12
35.98
42.64
22.71
67.66
13.47
28.9
82.6
7.05
39.04
24.5
7.7
90.27
74.06
52.25
89.75
40.17
5.83
68.24
7.88
12.0
35.62
45.6
51.48
21.16
53.4
2.79
56.76
34.89
39.8
16.75
99.6
48.93
53.82
64.24
26.66
8.01
72.61
41.77
13.73
96.47
36.37
20.77
55.64
93.42
2.96
21.43
38.33
83.45
82.39
75.69
95.64
21.62
60.54
28.95
10.95
94.27
83.47
48.42
74.18
12.54
64.3
71.74
91.85
29.4
49.64
9.52
67.49
98.18
8.03
97.9
54.25
24.2
33.87
83.98
93.61
3.65
71.21
97.46
27.79
93.67
5.88
71.01
68.05
48.48
53.73
58.0
54.16
34.55
47.36
9.87
8.2
22.29
36.22
93.27
53.51
41.13
25.78
69.34
21.45
29.5
19.33
94.06
69.59
97.58
17.23
20.26
4.5
75.68
91.59
82.03
88.62
61.75
8.18
69.01
66.11
13.55
19.99
87.38
58.3
62.78
85.74
89.06
78.71
8.69
30.99
53.49
38.28
59.9
15.62
74.2
96.44
31.17
88.03
65.43
24.52
78.68
42.19
78.79
1.57
16.46
82.16
58.32
94.83
46.16
79.88
15.79
11.43
48.0
45.48
4.06
60.0
61.59
28.48
81.04
10.6
27.3
55.96
67.25
77.13
88.34
17.95
68.01
8.64
14.53
68.91
9.41
27.17
55.35
23.86
9.39
63.53
16.07
93.61
37.46
70.79
83.67
71.32
79.25
26.18
19.32
40.63
57.27
23.21
11.36
19.42
54.85
23.45
85.52
50.45
65.33
65.1
26.99
84.07
41.62
15.14
93.05
89.16
75.85
3.45
84.18
20.76
38.96
43.85
99.4
78.96
24.95
86.55
84.27
25.94
61.05
3.3
79.54
65.64
21.2
45.6
51.41
5.44
46.01
45.54
4.26
23.05
57.58
36.04
87.15
98.91
10.55
92.42
37.12
54.09
33.22
44.77
38.74
32.79
32.66
93.98
9.58
92.03
63.27
55.85
2.79
47.43
20.55
51.36
83.15
96.96
10.02
6.41
84.86
23.78
36.91
15.23
34.07
97.71
57.53
10.05
99.87
19.22
52.26
96.21
72.8
28.99
44.39
51.4
82.26
76.95
41.14
60.92
38.79
30.13
61.62
88.15
27.37
35.2
26.16
29.36
5.35
18.32
60.37
79.85
23.45
27.69
51.76
3.8
48.44
61.91
99.33
2.03
86.18
63.09
80.42
63.79
71.74
49.74
31.51
2.8
32.67
40.01
46.93
87.58
59.09
33.5
2.88
77.37
75.43
14.31
20.14
89.78
85.33
49.8
2.88
74.69
78.04
50.82
36.86
53.05
60.75
10.77
84.5
37.68
51.98
32.83
36.01
31.42
86.21
97.78
17.2
29.34
67.69
11.9
31.72
90.41
42.99
70.77
84.25
73.4
28.98
17.07
43.45
23.13
17.42
78.01
24.13
27.35
85.4
32.22
70.58
15.68
28.06
5.99
17.56
67.26
42.21
42.91
74.3
55.91
35.61
60.95
53.49
87.38
37.41
82.43
36.82
4.6
78.2
29.6
59.35
50.0
78.0
66.01
53.05
70.39
98.21
31.51
5.61
7.0
15.13
89.28
25.98
22.82
27.16
17.37
82.8
51.98
12.02
24.09
41.33
70.35
60.74
4.53
82.74
65.78
18.87
96.5
6.38
36.72
2.85
48.46
65.26
41.9
22.29
84.39
29.65
51.39
86.41
18.43
17.1
59.67
68.42
10.22
4.58
3.56
90.38
88.83
78.72
47.0
33.71
14.45
55.84
48.43
79.85
49.46
87.32
23.09
29.18
19.9
32.62
80.32
52.17
77.22
70.74
68.87
34.14
84.29
73.5
75.1
95.8
6.31
77.0
62.13
38.28
16.69
51.3
24.01
26.61
79.93
1.48
21.57
6.58
8.18
55.79
21.58
93.06
12.31
56.42
38.54
4.23
67.43
87.37
95.91
99.59
58.25
88.7
63.76
78.11
76.99
15.48
76.25
59.4
47.62
79.21
98.16
5.1
52.2
29.56
42.85
43.97
57.81
68.62
7.41
71.11
22.88
94.23
93.99
45.71
30.96
68.68
96.42
68.91
26.73
40.73
69.62
33.47
47.7
76.23
94.38
27.05
73.61
52.0
99.88
29.42
19.09
38.15
93.5
41.91
23.84
98.57
78.21
41.49
48.45
49.08
57.19
75.36
67.59
37.73
11.15
81.4
68.7
76.41
44.3
7.75
18.31
23.87
54.44
2.86
70.96
97.11
44.98
23.71
64.34
41.7
74.54
26.09
44.07
75.15
34.13
4.17
38.28
7.44
21.77
44.57
40.82
22.24
41.62
9.44
60.19
91.21
96.23
3.37
18.45
16.02
85.12
26.96
69.77
56.3
46.01
77.67
18.22
99.59
94.04
63.82
87.52
3.78
35.83
64.82
6.8
25.34
54.49
97.71
65.17
63.69
55.16
97.98
98.92
22.13
19.47
57.9
51.77
17.57
64.6
28.23
55.42
3.42
83.13
10.52
74.87
98.64
62.95
78.5
41.06
76.05
66.62
34.1
68.19
13.22
1.85
44.79
11.31
63.55
23.17
56.07
52.68
42.47
21.56
23.34
38.49
24.96
40.1
1.73
25.33
26.69
40.06
82.48
74.01
51.42
19.58
58.31
99.55
50.88
17.16
2.66
69.21
61.52
58.97
74.32
9.44
43.19
9.64
78.14
40.7
33.69
19.95
61.15
21.18
21.63
81.71
26.68
88.7
14.78
20.72
10.99
77.31
95.79
99.53
30.13
61.73
54.96
16.74
99.79
54.94
39.33
17.97
16.05
56.92
87.7
11.36
93.01
52.97
14.28
68.64
18.27
87.2
62.42
78.42
3.2
34.1
4.19
8.9
71.83
36.33
86.46
37.7
24.97
23.49
62.49
57.75
95.07
66.47
87.44
57.69
26.77
7.83
41.05
81.49
1.3
33.52
97.35
94.8
13.23
76.66
52.18
9.88
92.91
99.06
21.49
92.7
57.6
83.19
28.88
57.97
80.78
61.2
47.17
60.09
27.69
99.86
87.13
58.12
70.13
50.41
36.88
51.35
26.51
37.47
78.86
42.88
77.5
91.44
57.4
86.71
5.37
85.32
56.85
80.54
45.57
99.44
33.66
50.96
10.69
79.78
23.29
58.99
13.84
4.84
24.7
92.63
73.54
38.5
97.44
58.08
92.41
9.03
75.52
20.57
58.94
43.31
67.7
85.84
6.05
93.85
88.26
11.34
19.47
74.79
82.13
26.63
82.54
47.0
67.98
90.34
73.25
63.29
48.8
14.22
92.59
8.69
12.45
39.75
25.57
22.46
72.64
92.49
57.36
62.73
3.17
51.44
37.72
87.66
58.76
46.95
75.52
90.3
1.69
37.13
56.49
39.88
59.52
54.12
60.33
51.27
57.05
80.56
39.12
15.2
27.45
70.39
24.88
26.65
20.77
40.53
90.62
34.86
78.56
21.52
75.53
94.2
87.72
26.87
47.52
78.9
53.94
68.14
32.19
23.29
49.61
16.78
63.3
12.89
30.96
63.27
64.57
67.51
59.68
80.23
19.88
77.99
95.3
69.8
20.53
88.68
30.8
13.23
50.47
77.11
19.15
52.29
10.84
43.37
73.46
58.32
6.33
13.04
40.88
29.16
84.19
1.42
98.37
35.41
73.71
28.33
80.3
40.98
44.98
20.73
43.39
87.84
53.97
94.1
80.81
32.76
34.84
35.84
16.97
89.29
67.39
41.06
78.27
36.03
26.09
75.01
91.65
66.65
34.52
21.98
98.71
80.64
29.63
15.69
41.56
67.72
59.02
78.65
95.57
55.75
97.38
83.24
63.24
84.42
56.46
61.07
50.73
53.71
70.26
4.05
32.73
43.53
68.09
6.2
41.38
21.02
84.15
81.35
89.29
23.7
45.22
31.51
60.76
84.64
30.67
42.69
8.22
45.48
32.2
86.38
82.4
12.65
86.48
61.68
31.48
3.6
28.91
16.65
57.64
8.29
95.29
28.57
68.61
84.63
48.41
16.02
96.35
9.95
40.85
30.51
89.57
38.71
85.75
80.2
86.05
43.84
65.94
16.61
12.76
48.27
51.53
95.7
50.45
60.56
50.56
37.37
9.07
74.54
73.42
17.78
91.01
20.43
26.56
8.38
1.53
9.51
88.18
55.62
96.16
79.42
85.6
55.61
40.09
27.31
90.29
96.81
48.5
48.54
85.99
3.75
21.3
82.07
42.07
55.4
54.25
27.92
63.04
35.55
90.26
19.94
40.28
89.66
55.46
16.5
15.75
65.01
72.34
59.36
87.55
9.61
47.49
30.68
89.99
4.67
27.66
27.74
9.27
78.88
12.61
78.72
28.23
17.87
5.26
73.04
29.78
55.98
45.91
98.82
52.2
72.09
60.86
18.25
36.97
13.37
25.02
82.11
75.13
19.65
24.0
76.16
89.5
48.8
22.91
27.38
28.01
42.5
76.54
36.08
71.29
70.62
38.62
81.34
28.45
38.09
40.39
65.55
57.81
52.75
84.77
73.86
60.67
66.59
19.8
50.88
56.56
72.15
34.21
50.33
43.03
68.42
63.68
40.02
97.87
67.18
91.0
70.57
80.31
49.98
29.41
48.54
40.2
16.93
13.97
85.85
78.85
77.6
14.71
95.7
5.84
44.84
80.53
44.8
46.56
9.88
82.05
6.92
52.53
96.81
35.05
62.97
30.19
68.82
54.07
45.31
12.78
